1002808791
1009683601
1047176543
1053600313
1081124791
1103786933
1144393351
1150062661
1153361670
1159823894
1191090662
1222979622
1231668867
1241305362
1253531973
1267250293
1272425302
1288429914
1289512223
1297522575
1311446843
1333485737
1346432014
1374842657
1378201937
1400186702
1400350564
1403936721
1418127512
1451977335
1465712534
1497087080
1497985172
1506793360
1568243012
1572017830
1618051664
1618626114
1642073243
1642720480
1644648333
1644948230
1657157900
1657629194
1658605145
1667942985
1668967910
1677920540
1680005041
1680685707
1689619171
1700989887
1701961124
1708763410
1721030997
1722150775
1723118767
1726276573
1726918143
1728148193
1728885872
1737595873
1737694250
1742316655
1744259092
1746221281
1746955455
1748133480
1751063204
1752927324
1769992713
1771414724
1775695331
1776830283
1779719003
1784782462
1784982433
1788302863
1808259102
1813071193
1821116013
1826923690
1831538920
1836051934
1845864154
1848270157
1863349571
1869248192
1871821935
1875249521
1881446960
1882544301
1893892941
1896635132
1896716300
1901447125
1910019822
1911989552
1912222221
1924077614
1924315133
1932194933
1934151375
1935676494
1988800805
1996060797
1996518651
1997946033
2001796345
2010205983
2015660751
2021478627
2030112487
2035222637
2035576080
2039753857
2046947625
2055576275
2061419757
2062636020
2090098757
2092600603
2093574487
2105365573
2110587294
2113671931
2118120483
2127403275
2128851875
2130212020
2177245391
2184750391
2200471301
2214979004
2241915904
2248045094
2252053614
2255139900
2308960223
2321088997
2322869707
2323731761
2329809972
2330641977
2339393317
2357726281
2375086267
2379979684
2384122784
2384950497
2394317487
2417815882
2430711645
2432834691
2435939794
2453540130
2474788707
2478163131
2525957791
2539817705
2550027921
2571494540
2579837060
2588129884
2590506110
2608551731
2610487413
2615417307
2615727253
2616169417
2616608525
2616698385
2621965471
2633689674
2640757243
2652535011
2654465331
2678027324
2679375953
2682359981
2683346434
2685677853
2708473010
2710760267
2712393987
2714275785
2728439413
2730596643
2780073673
2782411864
2799560717
2811679112
2830616941
2839105330
2852798595
2873611084
2886296612
2923805330
2942982592
2992050891
3019212254
3051254195
3066135487
3097498647
3149019780
3162500605
3181250375
3182361721
3194134074
3196450524
3199376121
3205295640
3212608823
3218407205
3223818064
3269243840
3271256624
3276099007
3282209401
3285460293
3289228911
3294823830
3300635944
3314426177
3315135442
3315994694
3499326561
3567412270
3664414850
3667045665
3740349724
3746666535
3814334336
3819431684
3901624042
3914701454
3924822057
3948986491
3990198386
3993852807
4038111135
5012851964
5085666812
5087283509
5087454831
5093841280
5097289168
5100706076
5125135120
5137522093
5142081895
5145557756
5157647327
5184512540
5185524910
5198037488
5213419891
5217013234
5219083790
5257847402
5275349810
5295117240
5299542210
5326269862
5330463634
5349571997
5354677761
5378828055
5389080493
5394505079
5395374504
5397320585
5409306145
5413738477
5420640903
5452150297
5465759725
5489681794
5496349805
5496944047
5505845064
5516796745
5521693067
5532004586
5540203907
5585300171
5590720543
5595556681
5596627784
5611703975
5626402362
5627208971
5641489056
5643197368
5647919210
5657893381
5658839343
5666373455
5667423618
5670441851
5675563011
5692835612
5698019102
5711311605
5716023003
5719830701
5738103145
5758058173
5777446504
5790221235
5797836587
5799993572
5821241824
5822974537
5825612653
5834233789
5843416588
5867989303
5870190411
5871592919
5872521689
5873330302
5912575523
5939221543
5942323178
5943385306
5944338389
5974461048
5992567620
5993403510
6000137802
6017390795
6023309416
6038251972
6041830291
6041830437
6041830442
6042105163
6042592088
6054124378
6068931168
6069569316
6081242334
6083988162
6085757626
6086008656
6090644555
6090644843
6105753431
6115560351
6142510717
6150289719
6153019869
6160862917
6166384283
6178946251
6179164996
6179910430
6179910791
6179910941
6183820895
6185411553
6187802874
6195141351
6196451044
6202265538
6214470383
6216754384
6221864052
6238197466
6244271292
6256789872
6266679274
6284793618
6294431986
6311876272
6324240397
6324798783
6327032710
6328596639
6333374808
6335920075
6355337405
6367452544
6372750559
6375834680
6392698514
6401287935
6405298248
6407279231
6408299521
6408743901
6411107972
6413765075
6415245440
6426447085
6436177344
6455717227
6458597190
6471716728
6477878240
6494071555
6500812394
6500812459
6522186136
6522946700
6543719600
6571676862
6577860082
6578214956
6580212037
6582188142
6591865108
6602070453
6602186997
6602585373
6605402179
6605418899
6605419272
6606714438
6607790593
6615392935
6620372564
6623723777
6672992361
6684208813
6726037610
6741528417
6750205186
6777394359
6822801140
6824064813
6825555148
6830771165
6843518659
6866481532
6868396197
6883393827
6963399122
6969117632
6976253377
6993005777
6996649256
7001480220
7014277923
7030791042
7069275897
7100927443
7116481589
7124828633
7131167473
7143200080
7174356757
7195309344
7196668346
7201757495
7228779743
7231636175
7263122120
7266204166
7269323964
7269478714
7278291491
7279123767
7303769885
7307740702
7311365003
7316070489
7333172174
7337766663
7341504852
7351560160
7355140580
7369871775
7370488254
7374427722
7375089346
7379926565
7386928257
7395017140
7399921002
7404610669
7420833771
7439054631
7439519345
7441820201
7457474247
7458697622
7473062578
7482074603
7495038788
7495241041
7495247411
7495738333
7502086478
7511883710
7515793904
7528043866
7530670883
7533848036
7534193742
7541061103
7544523447
7555353306
7557310982
7569172044
7575687157
7575900072
7577434859
7578238832
7593562534
7600841771
7603748750
7608239823
7611012932
7616823380
7622631512
7632420277
7641371345
7648499493
7675507521
7701363090
7719834304
7724828623
7724919976
7731235393
7733696034
7733918545
7737401181
7742304979
7742673624
7753750266
7753916345
7765433029
7769419394
7776048022
7778018670
7778187043
7778337809
7784447807
7785102077
7786156164
7795237908
7797934360
7801734419
7802614825
7805019269
7807059413
7810090338
7815014051
7816350322
7825063272
7825814069
7827411392
7829196112
7831191168
7832530165
7832960266
7847098274
7847428399
7852246511
7852496130
7860043189
7863603268
7871463520
7872849942
7877765643
7878896353
7881006906
7882497861
7882760139
7883034387
7884202365
7886953588
7889645619
7890894446
7892346240
7892551987
7896101236
7897352549
7901155773
7901326154
7902236152
7905840948
7906269365
7907473673
7908862127
7912578026
7912911654
7915063202
7915227351
7915954452
7917662274
7919975285
7922444030
7922539999
7923278081
7925882216
7926277411
7936280552
7942333459
7952711887
7954303501
7954818589
7959484533
7961414217
7967956004
7969354141
7970760915
7974906266
7976562063
7980234089
7982566751
7984316773
7986858482
7993448486
8007588717
8010953911
8011842383
8013136959
8013200868
8013344428
8013438103
8014219460
8014403994
8226834965
8251892130
8333900883
8337962091
8369138820
8430180503
8433855720
8478506620
8490468395
9014349318
9105020130
9108396532
9171525735